passatk: 0.6463414634146342
rr: 0.29878048780487804
drop: 0.16535433070866143
