passatk: 0.7073170731707317
rr: 0.21951219512195122
drop: 0.0169491525423729
