passatk: 0.676829268292683
rr: 0.21341463414634146
drop: 0.05932203389830498
