passatk: 0.7865853658536586
rr: 0.17073170731707318
drop: -0.015748031496063006
