passatk: 0.8048780487804879
rr: 0.17682926829268292
drop: -0.039370078740157514
