passatk: 0.7926829268292683
rr: 0.1402439024390244
drop: -0.02362204724409451
