passatk: 0.774390243902439
rr: 0.17073170731707318
drop: 0.0
