passatk: 0.6829268292682927
rr: 0.21951219512195122
drop: 0.050847457627118536
