passatk: 0.573170731707317
rr: 0.32926829268292684
drop: 0.20338983050847462
