passatk: 0.7926829268292683
rr: 0.20121951219512196
drop: -0.02362204724409451
