passatk: 0.676829268292683
rr: 0.2621951219512195
drop: 0.05932203389830498
