passatk: 0.6463414634146342
rr: 0.0975609756097561
drop: 0.10169491525423723
