passatk: 0.7073170731707317
rr: 0.10365853658536585
drop: 0.08661417322834652
