passatk: 0.7804878048780488
rr: 0.018292682926829267
drop: -0.007874015748031503
