passatk: 0.7865853658536586
rr: 0.036585365853658534
drop: -0.015748031496063006
