passatk: 0.7012195121951219
rr: 0.03048780487804878
drop: 0.025423728813559344
