passatk: 0.7621951219512195
rr: 0.08536585365853659
drop: 0.015748031496063006
