passatk: 0.7012195121951219
rr: 0.042682926829268296
drop: 0.025423728813559344
