passatk: 0.6829268292682927
rr: 0.0975609756097561
drop: 0.050847457627118536
