passatk: 0.7682926829268293
rr: 0.018292682926829267
drop: 0.007874015748031503
