passatk: 0.7195121951219512
rr: 0.036585365853658534
drop: 0.0
