passatk: 0.7134146341463414
rr: 0.006097560975609756
drop: 0.00847457627118645
