passatk: 0.3048780487804878
rr: 0.4146341463414634
drop: 0.576271186440678
