passatk: 0.5121951219512195
rr: 0.2621951219512195
drop: 0.33858267716535434
