passatk: 0.18902439024390244
rr: 0.5853658536585366
drop: 0.7559055118110237
