passatk: 0.7134146341463414
rr: 0.018292682926829267
drop: 0.00847457627118645
