passatk: 0.18292682926829268
rr: 0.5365853658536586
drop: 0.7457627118644069
