passatk: 0.49390243902439024
rr: 0.23780487804878048
drop: 0.3135593220338983
