passatk: 0.036585365853658534
rr: 0.7378048780487805
drop: 0.952755905511811
