passatk: 0.32926829268292684
rr: 0.4451219512195122
drop: 0.5748031496062992
