passatk: 0.036585365853658534
rr: 0.6829268292682927
drop: 0.9491525423728813
