passatk: 0.7682926829268293
rr: 0.20121951219512196
drop: 0.007874015748031503
