passatk: 0.6707317073170732
rr: 0.23170731707317074
drop: 0.06779661016949143
