passatk: 0.75
rr: 0.2073170731707317
drop: 0.03149606299212601
