passatk: 0.7073170731707317
rr: 0.23780487804878048
drop: 0.08661417322834652
