passatk: 0.7195121951219512
rr: 0.23170731707317074
drop: 0.0
