passatk: 0.725609756097561
rr: 0.1951219512195122
drop: 0.06299212598425202
