passatk: 0.7560975609756098
rr: 0.18902439024390244
drop: 0.02362204724409451
