passatk: 0.6951219512195121
rr: 0.21951219512195122
drop: 0.0338983050847458
