passatk: 0.7012195121951219
rr: 0.20121951219512196
drop: 0.025423728813559344
