passatk: 0.6829268292682927
rr: 0.2804878048780488
drop: 0.050847457627118536
