passatk: 0.7621951219512195
rr: 0.17073170731707318
drop: 0.015748031496063006
