passatk: 0.774390243902439
rr: 0.15853658536585366
drop: 0.0
