passatk: 0.6219512195121951
rr: 0.3048780487804878
drop: 0.13559322033898302
