passatk: 0.75
rr: 0.21951219512195122
drop: 0.03149606299212601
