passatk: 0.7012195121951219
rr: 0.23780487804878048
drop: 0.025423728813559344
