passatk: 0.75
rr: 0.18292682926829268
drop: 0.03149606299212601
