passatk: 0.6890243902439024
rr: 0.24390243902439024
drop: 0.11023622047244104
