passatk: 0.6219512195121951
rr: 0.2682926829268293
drop: 0.13559322033898302
